23 0 20 8 15 0 21 6 17 0 0 0 0 0 0 24 19 0 0 0 12 0 0 0 2
0 0 14 3 11 0 16 2 0 13 0 0 0 17 0 0 15 0 18 0 0 0 0 0 0
0 0 0 4 7 14 0 0 0 0 0 0 1 0 0 8 0 3 0 0 0 11 0 22 24
0 0 0 6 0 23 0 0 0 0 0 0 0 19 0 10 0 0 0 25 0 0 0 0 0
10 0 9 0 13 0 8 15 19 0 24 0 0 22 6 0 0 11 12 0 0 18 4 0 20
0 3 0 0 10 0 25 0 0 16 0 0 4 21 9 22 0 0 8 20 0 12 0 7 17
20 25 8 1 18 19 24 0 9 0 0 0 0 0 22 0 14 0 2 0 0 0 3 11 0
16 0 23 0 22 0 0 0 18 4 17 0 0 10 0 7 0 0 15 5 0 0 0 24 0 
21 0 5 0 19 12 0 0 0 0 11 8 0 20 0 0 0 9 0 16 15 0 0 0 18
0 0 7 15 0 0 5 0 10 17 3 0 0 0 0 21 0 6 0 19 0 22 14 0 0
18 0 0 0 0 0 0 0 23 0 2 10 0 5 0 20 3 0 21 1 0 0 0 0 0
0 23 21 2 5 0 6 0 15 0 19 0 12 16 0 0 0 0 24 7 0 9 0 8 0
0 0 6 20 0 0 0 0 0 5 9 0 24 7 0 0 13 0 23 15 0 16 19 0 0
0 0 0 0 0 0 19 0 24 0 1 0 18 0 3 16 0 2 14 11 0 4 17 0 15
0 0 0 10 0 0 12 22 0 0 6 0 25 0 13 4 18 0 0 0 1 0 0 2 0
0 2 0 0 0 5 23 0 0 22 0 0 0 0 0 0 9 25 0 0 21 1 0 0 11
0 0 0 21 0 18 11 0 0 0 0 0 0 13 2 5 0 17 0 6 0 0 25 0 16
0 0 0 17 4 0 0 0 0 25 0 15 16 8 19 0 0 0 0 21 0 23 0 14 22
0 0 0 0 0 0 0 0 0 15 0 6 0 0 18 0 8 7 0 12 0 0 10 0 0
0 0 18 22 14 13 0 24 6 20 0 3 7 0 0 11 0 0 0 0 0 0 0 12 0
0 0 1 7 0 0 0 8 13 0 0 0 20 0 0 0 0 5 0 0 17 0 22 16 9
0 0 12 13 0 2 22 25 7 0 0 0 0 1 0 19 0 0 0 14 0 3 20 18 23
15 10 0 0 6 3 14 4 0 0 0 0 23 0 0 12 0 0 11 18 5 2 0 19 0
0 19 4 0 3 17 9 0 11 0 22 0 0 2 15 0 0 0 0 0 0 14 6 0 1
14 0 0 24 23 1 0 0 0 0 0 0 6 0 0 9 25 22 0 0 4 0 0 0 12
